-18.6294 2.90232 3.52799 5 
-15.3837 0.190882 4.86959 5 
-12.3815 1.63301 6.44935 7 
-8.98042 0.693244 4.75599 7 
-6.45989 -2.10037 6.48388 2 
-2.46501 -0.421693 5.54598 4 
-2.02501 -4.84469 6.65185 18 
3.37168 -3.73342 6.07557 7 
4.50529 -5.95866 2.30746 11 
8.72685 -6.72943 3.92706 1 
11.9141 -8.36715 2.96745 0 
15.0936 -10.3575 3.66199 0 
17.163 -9.13589 1.08435 0 
17.8943 -8.58784 -1.87417 0 
17.3117 -5.93339 -4.54367 0 
14.3208 -4.41015 -3.17427 4 
10.4609 -5.58017 -3.99588 5 
9.06395 -2.89422 -1.1034 11 
4.75053 -3.37623 -0.280815 0 
1.40761 -2.00661 0.256055 3 
-2.12731 -5.36576 1.89373 11 
-5.23399 -2.16162 0.762851 4 
-7.72544 -6.52194 3.55796 12 
-11.2392 -4.10134 3.47058 0 
-11.0481 -1.38219 -0.244549 18 
-17.3312 -0.839553 -0.803017 17 
-15.9315 2.47288 -1.25002 7 
-13.0411 0.422989 -6.00793 13 
-12.5183 4.67991 -4.46805 7 
-8.12418 3.52786 -3.40666 4 
-5.15104 6.57008 -3.68154 5 
-1.38479 3.9237 -3.64811 4 
1.43172 7.18573 -3.23152 5 
5.07796 3.55099 -2.49092 19 
7.72531 8.4687 -0.663232 10 
4.2959 11.6845 -1.38338 2 
5.2714 10.3826 -5.31753 0 
8.48572 11.3587 -4.77779 2 
9.00032 6.53651 -4.97154 11 
6.98495 7.18117 -9.39867 2 
9.30509 4.42367 -10.3689 2 
8.30447 0.535723 -9.86345 0 
5.27913 1.70623 -9.13214 4 
3.73036 -2.5155 -10.5288 16 
-1.1382 -0.540127 -8.34379 5 
-1.34033 -5.11865 -8.66777 17 
-6.0859 -4.59484 -10.1825 7 
-9.00617 -4.47439 -7.18256 1 
-10.0875 -8.34553 -5.97211 4 
-14.7504 -7.88076 -4.63738 11 
-13.1888 -10.0423 -0.279675 14 
-16.8072 -10.4133 -0.170914 2 
-19.1082 -7.00052 0.892435 9 
-14.9781 -5.86247 1.45932 11 
-13.2994 -3.73 -3.22788 18 
-8.29073 -6.56772 -1.61315 5 
-5.20792 -3.481 -3.68052 11 
-1.56762 -5.03818 -4.39433 2 
1.42655 -1.72008 -4.30845 2 
4.86365 -2.95579 -6.09149 2 
8.17173 -0.417763 -4.72942 4 
11.1982 -1.93736 -7.37153 5 
13.796 0.340459 -4.67196 4 
17.6854 0.9822 -5.12183 5 
19.7479 -2.06806 -2.4292 2 
21.3318 1.42029 -1.68485 2 
17.8436 3.3596 -1.0863 5 
14.6386 -0.950504 2.48799 19 
17.2214 0.197346 4.79964 7 
19.1468 3.76013 4.49466 2 
15.8073 6.64926 2.72856 13 
12.0469 6.56498 4.77494 5 
10.0404 3.57375 2.07603 4 
6.14939 5.5058 2.67896 5 
2.27668 3.13965 1.87833 3 
1.26558 7.00087 0.570648 10 
-3.3271 4.77144 1.62348 4 
-6.26718 7.20757 0.0797733 1 
-11.184 5.37728 1.21594 16 
-11.7148 9.04266 -0.554494 7 
-15.0789 7.37622 0.920772 1 
-13.8251 7.47594 4.54969 2 
-11.9991 10.8197 5.02715 2 
-9.13822 7.46133 5.18038 5 
-4.46522 10.2829 4.46275 12 
-2.83177 5.55619 5.95399 4 
1.17254 7.15668 6.01537 9 
1.62894 2.0257 7.16265 12 
8.05086 3.24052 7.939 12 
8.06725 -0.473069 4.64579 6 
9.94442 -1.73508 8.50974 4 
13.3344 -3.45998 8.4775 7 
14.0155 -9.28548 10.4706 15 
